23
0.5673484050896493 0.0 0
0.717092279857377 0.2329974057422212 0
0.7513025750555438 0.5458532721777921 0
0.5720455936283261 0.787353212755228 0
0.20012036444688822 0.6159071511116997 0
4.0255899526964216e-17 0.6574287305530369 0
-0.2676664014323551 0.8237924771433023 0
-0.3109585511622137 0.42799772783558143 0
-0.7112343390757121 0.5167419947162901 0
-0.5447370762638631 0.17699580534645598 0
-0.5322265352068666 6.517895227623753e-17 0
-0.591203101661284 -0.19209353220373662 0
-0.62759186648147 -0.45597218122905 0
-0.5339795878499027 -0.7349598506172547 0
-0.22096632383843562 -0.6800644171476887 0
-1.3065201632700194e-16 -0.7112364502046193 0
0.17051194429116637 -0.5247818038366671 0
0.5875006208700426 -0.8086252328311165 0
0.535481494022583 -0.3890500783672552 0
0.5490850250850273 -0.17840853955666494 0
0.5673484050896493 0.0 0
0.717092279857377 0.2329974057422212 0
0.7513025750555438 0.5458532721777921 0