68
-0.20 4.00 0.0
-0.20 4.00 0.0
1.25 4.00 0.0
1.25 4.00 0.0
1.25 4.00 0.0
1.25 4.00 0.0
1.25 1.00 0.0
1.25 1.00 0.0
1.25 1.00 0.0
1.40 0.30 0.0
2.20 0.20 0.0
3.70 1.00 0.0
3.70 1.00 0.0
3.70 1.00 0.0
3.70 3.10 0.0
3.70 3.10 0.0
3.70 3.10 0.0
3.70 3.70 0.0
3.60 3.80 0.0
2.70 3.85 0.0
2.70 3.85 0.0
2.70 3.85 0.0
2.70 4.00 0.0
2.70 4.00 0.0
2.70 4.00 0.0
2.70 4.00 0.0
4.30 4.00 0.0
4.30 4.00 0.0
4.30 4.00 0.0
4.30 4.00 0.0
4.30 1.00 0.0
4.30 1.00 0.0
4.30 1.00 0.0
4.40 0.50 0.0
4.50 0.30 0.0
5.00 0.60 0.0
5.00 0.60 0.0
5.00 0.60 0.0
5.00 0.40 0.0
5.00 0.40 0.0
5.00 0.40 0.0
5.00 0.40 0.0
3.70 0.00 0.0
3.70 0.00 0.0
3.70 0.00 0.0
3.70 0.00 0.0
3.70 0.68 0.0
3.70 0.68 0.0
3.70 0.68 0.0
3.70 0.68 0.0
2.60 0.10 0.0
2.60 0.10 0.0
2.60 0.10 0.0
0.60 -0.30 0.0
0.60 0.00 0.0
0.50 0.90 0.0
0.50 0.90 0.0
0.50 0.90 0.0
0.50 3.00 0.0
0.50 3.00 0.0
0.50 3.00 0.0
0.50 3.70 0.0
0.50 3.80 0.0
-0.20 3.80 0.0
-0.20 3.80 0.0
-0.20 3.80 0.0
-0.20 4.00 0.0
-0.20 4.00 0.0
